[gd_scene load_steps=20 format=3 uid="uid://nnpvd4xsdbni"]

[ext_resource type="PackedScene" uid="uid://oc5bvafr0563" path="res://Scenes/player.tscn" id="1_jjgbg"]
[ext_resource type="PackedScene" uid="uid://b265xckeb2fcf" path="res://Scenes/canvas_layer.tscn" id="1_ynf5e"]
[ext_resource type="PackedScene" uid="uid://drlyhyvgfgg2x" path="res://Scenes/brick.tscn" id="2_bo1nx"]
[ext_resource type="PackedScene" uid="uid://bo6h63cr12j7i" path="res://Scenes/floor.tscn" id="3_8gbba"]
[ext_resource type="PackedScene" uid="uid://b1bqg3qxxpvcq" path="res://Scenes/Beanstalk.tscn" id="4_jjvhh"]
[ext_resource type="PackedScene" uid="uid://130kbqlutn7u" path="res://Scenes/Clouds.tscn" id="5_kry3j"]
[ext_resource type="PackedScene" uid="uid://cjvvuwrokooxs" path="res://Scenes/Rocks/BigRock.tscn" id="6_6bp64"]
[ext_resource type="PackedScene" uid="uid://38uwn5q3rg8u" path="res://Scenes/bird.tscn" id="7_6bp64"]
[ext_resource type="PackedScene" uid="uid://di6xviovuc8rg" path="res://Scenes/Rocks/SmallRock.tscn" id="8_344ge"]
[ext_resource type="PackedScene" uid="uid://d02723b1qhjtf" path="res://Scenes/Island.tscn" id="9_ynf5e"]
[ext_resource type="PackedScene" uid="uid://n74yocv1m0du" path="res://Scenes/bird_scene.tscn" id="11_d1ilt"]
[ext_resource type="PackedScene" uid="uid://c5ojh6iq3cxh5" path="res://Scenes/SectionBeanstalk.tscn" id="12_fdnlq"]
[ext_resource type="PackedScene" uid="uid://bnyvjcv8rnwjn" path="res://Scenes/Flipped beanstalks.tscn" id="13_jkdf5"]

[sub_resource type="Gradient" id="Gradient_21xkr"]
colors = PackedColorArray(0.364706, 1, 1, 1, 1, 1, 1, 1)

[sub_resource type="FastNoiseLite" id="FastNoiseLite_6bp64"]
noise_type = 0
frequency = 0.0089

[sub_resource type="NoiseTexture2D" id="NoiseTexture2D_344ge"]
color_ramp = SubResource("Gradient_21xkr")
noise = SubResource("FastNoiseLite_6bp64")

[sub_resource type="PanoramaSkyMaterial" id="PanoramaSkyMaterial_ynf5e"]
panorama = SubResource("NoiseTexture2D_344ge")

[sub_resource type="Sky" id="Sky_hptm8"]
sky_material = SubResource("PanoramaSkyMaterial_ynf5e")

[sub_resource type="Environment" id="Environment_d1ilt"]
background_mode = 2
sky = SubResource("Sky_hptm8")
ambient_light_source = 2
ambient_light_color = Color(1, 0.956109, 0.818717, 1)
ambient_light_energy = 0.68
reflected_light_source = 2

[node name="Main" type="Node3D"]
transform = Transform3D(1, 0, 0, 0, 1, 0, 0, 0, 1, 0, 0.958184, 0)

[node name="CanvasLayer" parent="." instance=ExtResource("1_ynf5e")]

[node name="Player" parent="CanvasLayer" instance=ExtResource("1_jjgbg")]
transform = Transform3D(1, 0, 0, 0, 1, 0, 0, 0, 1, 19.5676, 7.71386, 28.1869)

[node name="Brick" parent="." instance=ExtResource("2_bo1nx")]
transform = Transform3D(1, 0, 0, 0, 1, 0, 0, 0, 1, 1.79273, 1.60056, -2.3975)

[node name="Brick2" parent="." instance=ExtResource("2_bo1nx")]
transform = Transform3D(1, 0, 0, 0, 1, 0, 0, 0, 1, -2.145, -0.454431, -2.3975)

[node name="Brick3" parent="." instance=ExtResource("2_bo1nx")]
transform = Transform3D(1, 0, 0, 0, 1, 0, 0, 0, 1, 3.89919, 2.60474, -2.3975)

[node name="Brick4" parent="." instance=ExtResource("2_bo1nx")]
transform = Transform3D(1, 0, 0, 0, 1, 0, 0, 0, 1, -0.140488, 0.388966, -2.3975)

[node name="Floor" parent="." instance=ExtResource("3_8gbba")]
transform = Transform3D(1, 0, 0, 0, 1, 0, 0, 0, 1, 2.29911, -0.939078, -1.19472)

[node name="DirectionalLight3D" type="DirectionalLight3D" parent="."]
transform = Transform3D(-0.825595, -0.433244, 0.361515, -0.0902264, 0.733801, 0.673346, -0.557003, 0.523293, -0.644912, 3.35065, 8.65789, -10.7358)
light_energy = 1.381
light_volumetric_fog_energy = 0.0
shadow_enabled = true

[node name="Beanstalk" parent="." instance=ExtResource("4_jjvhh")]
transform = Transform3D(1, 0, 0, 0, 1, 0, 0, 0, 1, 0.944, -0.689315, 9.777)

[node name="WorldEnvironment" type="WorldEnvironment" parent="."]
environment = SubResource("Environment_d1ilt")

[node name="Clouds" parent="." instance=ExtResource("5_kry3j")]
transform = Transform3D(1, 0, 0, 0, 1, 0, 0, 0, 1, 14.8587, 11.4329, 4.85344)
spawn_count = 20
xmin = -40.0
xmax = 40.0
zmin = -40.0
zmax = 40.0

[node name="Rock2" parent="." instance=ExtResource("6_6bp64")]
transform = Transform3D(0.892499, 0, -0.451049, 0, 1, 0, 0.451049, 0, 0.892499, 2.46072, 32.9738, 4.89731)

[node name="Bird" parent="." instance=ExtResource("7_6bp64")]
transform = Transform3D(1, 0, 0, 0, 1, 0, 0, 0, 1, -3.84079, 95.1139, 4.9418)
speed = 6.0
radius = 4.0

[node name="Bird2" parent="." instance=ExtResource("7_6bp64")]
transform = Transform3D(1, 0, 0, 0, 1, 0, 0, 0, 1, -12.5637, 96.5187, -3.61475)
radius = 10.0

[node name="Island" parent="." instance=ExtResource("9_ynf5e")]
transform = Transform3D(2.41354, 0, 0, 0, 2.41354, 0, 0, 0, 2.41354, 1.61636, 45.9185, 7.72927)

[node name="Rock" parent="." instance=ExtResource("8_344ge")]
transform = Transform3D(1, 0, 0, 0, 1, 0, 0, 0, 1, 6.0784, 30.8687, 10.5749)

[node name="Rock3" parent="." instance=ExtResource("8_344ge")]
transform = Transform3D(0.49417, 0, -0.869366, 0, 1, 0, 0.869366, 0, 0.49417, -4.76243, 36.3033, 5.91708)

[node name="Rock4" parent="." instance=ExtResource("6_6bp64")]
transform = Transform3D(0.737655, 0, 0.675178, 0, 1, 0, -0.675178, 0, 0.737655, -4.37427, 39.1154, 13.4814)

[node name="Rock5" parent="." instance=ExtResource("8_344ge")]
transform = Transform3D(1, 0, 0, 0, 1, 0, 0, 0, 1, 2.10341, 42.2144, 16.2112)

[node name="Rock6" parent="." instance=ExtResource("6_6bp64")]
transform = Transform3D(1, 0, 0, 0, 1, 0, 0, 0, 1, 9.01213, 45.1942, 11.561)

[node name="Rock7" parent="." instance=ExtResource("8_344ge")]
transform = Transform3D(1, 0, 0, 0, 1, 0, 0, 0, 1, 9.05628, 48.4993, 3.66927)

[node name="Rock8" parent="." instance=ExtResource("6_6bp64")]
transform = Transform3D(-0.63909, 0, -0.769132, 0, 1, 0, 0.769132, 0, -0.63909, 5.04115, 50.6446, -1.6144)
bob_speed = 1.6
bob_height = 0.8

[node name="Rock9" parent="." instance=ExtResource("8_344ge")]
transform = Transform3D(1, 0, 0, 0, 1, 0, 0, 0, 1, -1.80573, 54.6674, -4.99319)

[node name="Rock10" parent="." instance=ExtResource("6_6bp64")]
transform = Transform3D(-0.509057, 0, -0.860733, 0, 1, 0, 0.860733, 0, -0.509057, -6.46256, 58.2817, -1.40179)

[node name="Beanstalk2" parent="." instance=ExtResource("4_jjvhh")]
transform = Transform3D(0.999853, 0, -0.0171557, 0, 1, 0, 0.0171557, 0, 0.999853, -0.199374, 60.7313, 8.31717)

[node name="BirdScene" parent="." instance=ExtResource("11_d1ilt")]
transform = Transform3D(1, 0, 0, 0, 1, 0, 0, 0, 1, 0, 129.507, 49.0526)

[node name="BeanstalkNew" parent="." instance=ExtResource("12_fdnlq")]
transform = Transform3D(1, 0, 0, 0, 1, 0, 0, 0, 1, -25.668, 210.486, 131.703)

[node name="Node3D" parent="." instance=ExtResource("13_jkdf5")]
transform = Transform3D(0.203249, 1.65094e-09, -0.979127, -0.218274, 0.974835, -0.0453096, 0.954488, 0.222927, 0.198134, -19.4771, 342.435, 99.8204)
