[gd_scene load_steps=14 format=3 uid="uid://nnpvd4xsdbni"]

[ext_resource type="PackedScene" uid="uid://oc5bvafr0563" path="res://Scenes/player.tscn" id="1_jjgbg"]
[ext_resource type="PackedScene" uid="uid://drlyhyvgfgg2x" path="res://Scenes/brick.tscn" id="2_bo1nx"]
[ext_resource type="PackedScene" uid="uid://bo6h63cr12j7i" path="res://Scenes/floor.tscn" id="3_8gbba"]
[ext_resource type="PackedScene" uid="uid://b1bqg3qxxpvcq" path="res://Scenes/Beanstalk.tscn" id="4_jjvhh"]
[ext_resource type="PackedScene" uid="uid://130kbqlutn7u" path="res://Scenes/Clouds.tscn" id="5_kry3j"]
[ext_resource type="PackedScene" uid="uid://cjvvuwrokooxs" path="res://Scenes/Rocks/BigRock.tscn" id="6_6bp64"]
[ext_resource type="PackedScene" uid="uid://di6xviovuc8rg" path="res://Scenes/Rocks/SmallRock.tscn" id="7_6bp64"]

[sub_resource type="Gradient" id="Gradient_21xkr"]
colors = PackedColorArray(0.364706, 1, 1, 1, 1, 1, 1, 1)

[sub_resource type="FastNoiseLite" id="FastNoiseLite_6bp64"]
noise_type = 0
frequency = 0.0089

[sub_resource type="NoiseTexture2D" id="NoiseTexture2D_344ge"]
color_ramp = SubResource("Gradient_21xkr")
noise = SubResource("FastNoiseLite_6bp64")

[sub_resource type="PanoramaSkyMaterial" id="PanoramaSkyMaterial_ynf5e"]
panorama = SubResource("NoiseTexture2D_344ge")

[sub_resource type="Sky" id="Sky_hptm8"]
sky_material = SubResource("PanoramaSkyMaterial_ynf5e")

[sub_resource type="Environment" id="Environment_d1ilt"]
background_mode = 2
sky = SubResource("Sky_hptm8")
ambient_light_source = 2
ambient_light_color = Color(1, 0.956109, 0.818717, 1)
ambient_light_energy = 0.68
reflected_light_source = 2

[node name="Main" type="Node3D"]
transform = Transform3D(1, 0, 0, 0, 1, 0, 0, 0, 1, 0, 0.958184, 0)

[node name="Player" parent="." instance=ExtResource("1_jjgbg")]
transform = Transform3D(1, 0, 0, 0, 1, 0, 0, 0, 1, 0.926619, 30.6345, 11.3572)

[node name="Brick" parent="." instance=ExtResource("2_bo1nx")]
transform = Transform3D(1, 0, 0, 0, 1, 0, 0, 0, 1, 1.79273, 1.60056, -2.3975)

[node name="Brick2" parent="." instance=ExtResource("2_bo1nx")]
transform = Transform3D(1, 0, 0, 0, 1, 0, 0, 0, 1, -2.145, -0.454431, -2.3975)

[node name="Brick3" parent="." instance=ExtResource("2_bo1nx")]
transform = Transform3D(1, 0, 0, 0, 1, 0, 0, 0, 1, 3.89919, 2.60474, -2.3975)

[node name="Brick4" parent="." instance=ExtResource("2_bo1nx")]
transform = Transform3D(1, 0, 0, 0, 1, 0, 0, 0, 1, -0.140488, 0.388963, -2.3975)

[node name="Floor" parent="." instance=ExtResource("3_8gbba")]
transform = Transform3D(1, 0, 0, 0, 1, 0, 0, 0, 1, 2.29911, -0.939078, -1.19472)

[node name="DirectionalLight3D" type="DirectionalLight3D" parent="."]
transform = Transform3D(-0.825595, -0.433244, 0.361515, -0.0902264, 0.733801, 0.673346, -0.557003, 0.523293, -0.644913, 3.35065, 8.65789, -10.7358)
light_energy = 1.381
light_volumetric_fog_energy = 0.0
shadow_enabled = true

[node name="Beanstalk" parent="." instance=ExtResource("4_jjvhh")]
transform = Transform3D(1, 0, 0, 0, 1, 0, 0, 0, 1, 0.944, -0.689315, 9.777)

[node name="WorldEnvironment" type="WorldEnvironment" parent="."]
environment = SubResource("Environment_d1ilt")

[node name="Clouds" parent="." instance=ExtResource("5_kry3j")]
transform = Transform3D(1, 0, 0, 0, 1, 0, 0, 0, 1, 14.8587, 11.4329, 4.85344)
spawn_count = 20
xmin = -40.0
xmax = 40.0
zmin = -40.0
zmax = 40.0

[node name="Rock2" parent="." instance=ExtResource("6_6bp64")]
transform = Transform3D(0.892499, 0, -0.451049, 0, 1, 0, 0.451049, 0, 0.892499, 3.72405, 32.8442, 5.68466)

[node name="Rock" parent="." instance=ExtResource("7_6bp64")]
transform = Transform3D(1, 0, 0, 0, 1, 0, 0, 0, 1, 5.04694, 30.4901, 13.7588)

[node name="Rock3" parent="." instance=ExtResource("7_6bp64")]
transform = Transform3D(0.741262, 0, 0.671216, 0, 1, 0, -0.671216, 0, 0.741262, -3.97346, 36.4019, 11.3133)

[node name="Rock4" parent="." instance=ExtResource("6_6bp64")]
transform = Transform3D(-0.48885, 0, 0.872368, 0, 1, 0, -0.872368, 0, -0.48885, 0.334619, 37.7308, 17.8536)
